height
1.86
1.76
1.75
1.75
1.87
1.84
1.66
1.66
1.80
1.73
1.79
1.74
1.70
1.64
1.60
1.83
1.75
1.73
1.69
1.59
1.59
1.77
1.94
1.88
1.85
1.85
1.79
1.63
1.79
1.73
1.68
1.68
1.66
1.88
1.78
1.73
1.70
1.70
1.68
1.61
1.60
1.65
1.73
1.70
1.80
1.79
1.69
1.83
1.79
1.78
1.78
1.76
1.74
1.69
1.64
1.61
1.88
1.85
1.82
1.59
1.69
1.58
1.68
1.64
1.63
1.59
1.86
1.85
1.85
1.78
1.75
1.74
1.73
1.68
1.85
1.74
1.73
1.85
1.80
1.70
1.88
1.79
1.77
1.68
1.66
1.65
1.65
1.66
1.68
1.60
1.79
1.79
1.75
1.65
1.60
1.75
1.70
1.60
1.85
1.70
1.79
1.78
1.69
1.60
1.71
1.71
1.69
1.63
1.80
1.78
1.78
1.68
1.65
1.65
1.88
1.83
1.75
1.71
1.61
1.83
1.82
1.82
1.78
1.73
1.67
1.98
1.88
1.85
1.83
1.70
1.86
1.85
1.75
1.70
1.78
1.70
1.70
1.69
1.78
1.75
1.74
1.68
1.64
1.60
1.80
1.70
1.93
1.83
1.80
1.68
1.68
1.79
1.83
1.83
1.80
1.75
1.68
1.65
1.85
1.66
1.74
1.72
1.73
1.73
1.57
1.73
1.73
1.71
1.69
1.69
1.68
1.66
1.65
1.83
1.80
1.79
1.70
1.73
1.73
1.73
1.83
1.80
1.78
1.68
1.64
1.64
1.57
1.71
1.64
1.80
1.70
1.68
1.65
1.61
1.80
1.78
1.78
1.63
1.65
1.65
1.63
1.60
1.60
1.80
1.80
1.78
1.61
1.80
1.78
1.64
1.59
1.56
1.83
1.79
1.79
1.64
1.52
1.78
1.63
1.63
1.63
1.59
1.79
1.78
1.75
1.75
1.68
1.64
1.63
1.57
1.82
1.75
1.80
1.78
1.75
1.75
1.78
1.74
1.73
1.68
1.63
1.57
1.91
1.78
1.75
1.68
1.63
1.52
1.71
1.85
1.83
1.83
1.69
1.76
1.71
1.69
1.68
1.68
1.63
1.62
1.83
1.78
1.75
1.74
1.73
1.65
1.56
1.55
1.55
1.85
1.83
1.79
1.65
1.65
1.64
1.60
1.57
1.70
1.65
1.64
1.59
1.59
1.78
1.78
1.70
1.65
1.65
1.60
2.01
1.91
1.80
1.75
1.70
1.67
1.57
1.85
1.84
1.65
1.75
1.75
1.83
1.78
1.74
1.69
1.66
1.64
1.64
1.80
1.78
1.73
1.70
1.68
1.65
1.70
1.78
1.73
1.69
1.66
1.83
1.78
1.59
1.55
1.53
1.88
1.77
1.75
1.73
1.73
1.73
1.66
1.65
1.52
1.73
1.65
1.63
1.57
1.80
1.78
1.78
1.78
1.77
1.74
1.75
1.65
1.63
1.78
1.70
1.66
1.62
1.61
1.59
1.58
1.55
1.84
1.75
1.70
1.64
1.63
1.80
1.71
1.71
1.61
1.73
1.70
1.62
1.57
1.78
1.69
1.57
1.55
1.83
1.78
1.77
1.77
1.73
1.65
1.63
1.60
1.80
1.77
1.76
1.66
1.63
1.61
1.61
1.83
1.83
1.52
1.81
1.70
1.70
1.64
1.65
1.60
1.65
1.65
1.82
1.64
1.60
1.83
1.68
1.68
1.65
1.60
1.91
1.80
1.78
1.68
1.68
1.66
1.65
1.65
1.63
1.63
1.63
1.85
1.83
1.82
1.82
1.66
1.65
1.59
1.59
1.81
1.80
1.78
1.91
1.88
1.83
1.74
1.70
1.68
1.78
1.74
1.73
1.65
1.60
1.59
1.85
1.80
1.79
1.79
1.55
1.79
1.71
1.64
1.63
1.80
1.74
1.71
1.68
1.60
1.60
1.80
1.80
1.79
1.79
1.69
1.66
1.64
1.85
1.83
1.75
1.75
1.69
1.66
1.66
1.65
1.63
1.78
1.74
1.70
1.65
1.63
1.61
1.55
1.77
1.73
1.52
1.66
1.64
1.62
1.52
1.82
1.69
1.65
1.61
1.75
1.71
1.61
1.83
1.85
1.78
1.78
1.63
1.68
1.57
1.79
1.70
1.68
1.65
1.60
1.57
1.55
1.79
1.62
1.60
1.59
1.85
1.83
1.75
1.85
1.80
1.80
1.75
1.60
1.80
1.78
1.78
1.75
1.61
1.59
1.59
1.57
1.83
1.73
1.68
1.68
1.78
1.77
1.75
1.60
1.57
1.73
1.73
1.71
1.63
1.60
1.60
1.61
1.57
1.57
1.79
1.73
1.59
1.75
1.68
1.57
1.54
1.77
1.80
1.57
1.85
1.80
1.70
1.78
1.75
1.75
1.74
1.74
1.74
1.73
1.73
1.73
1.61
1.71
1.68
1.68
1.63
1.82
1.82
1.80
1.66
1.69
1.66
1.56
1.83
1.83
1.73
1.68
1.76
1.73
1.68
1.68
1.57
1.56
1.55
1.52
1.80
1.73
1.73
1.70
1.65
1.63
1.60
1.60
1.57
1.55
1.68
1.60
1.66
1.57
1.81
1.81
1.75
1.74
1.59
1.57
1.75
1.70
1.68
1.68
1.68
1.65
1.65
1.65
1.63
1.60
1.79
1.78
1.73
1.68
1.68
1.68
1.57
1.56
1.87
1.78
1.77
1.66
1.70
1.78
1.73
1.64
1.63
1.80
1.73
1.68
1.66
1.65
1.60
1.57
1.57
1.70
1.70
1.68
1.63
1.61
1.55
1.73
1.78
1.78
1.75
1.70
1.66
1.64
1.74
1.72
1.57
1.69
1.74
1.73
1.63
1.61
1.60
1.69
1.63
1.55
1.55
1.52
1.52
1.52
1.42
1.71
1.70
1.69
1.52
1.75
1.73
1.65
1.64
1.63
1.63
1.60
1.65
1.65
1.57
1.55
1.85
1.85
1.82
1.66
1.61
1.80
1.77
1.71
1.66
1.65
1.64
1.61
1.78
1.75
1.66
1.66
1.60
1.78
1.72
1.60
1.52
1.65
1.57
1.57
1.80
1.75
1.63
1.63
1.60
1.60
1.60
1.60
1.60
1.59
1.57
1.82
1.78
1.70
1.70
1.80
1.78
1.76
1.74
1.73
1.70
1.66
1.61
1.75
1.73
1.60
1.78
1.77
1.75
1.74
1.68
1.70
1.79
1.79
1.70
1.68
1.68
1.57
1.57
1.56
1.83
1.65
1.65
1.70
1.63
1.63
1.57
1.52
1.52
1.68
1.65
1.70
1.69
1.66
1.83
1.73
1.68
1.65
1.57
1.55
1.74
1.74
1.69
1.64
1.59
1.54
1.54
1.46
1.83
1.80
1.70
1.68
1.65
1.78
1.64
1.57
1.71
1.70
1.65
1.65
1.65
1.60
1.78
1.73
1.61
1.59
1.59
1.59
1.59
1.78
1.73
1.70
1.65
1.52
1.65
1.73
1.70
1.69
1.68
1.67
1.66
1.65
1.65
1.63
1.60
1.57
1.55
1.52
1.47
1.45
1.69
1.68
1.68
1.65
1.60
1.60
1.60
1.60
1.52
1.75
1.73
1.73
1.65
1.65
1.57
1.57
1.55
1.50
1.80
1.66
1.76
1.75
1.73
1.72
1.64
1.54
1.70
1.70
1.63
1.63
1.59
1.54
1.78
1.60
1.68
1.68
1.60
1.80
1.80
1.75
1.61
1.73
1.73
1.70
1.70
1.57
1.82
1.73
1.66
1.63
1.57
1.57
1.55
1.79
1.73
1.70
1.65
1.63
1.63
1.52
1.64
1.68
1.52
1.63
1.57
1.55
1.69
1.45
1.83
1.79
1.74
1.74
1.72
1.63
1.61
1.60

